2.336200000e+004
3.164200000e+004
3.375700000e+004
2.322600000e+004
1.517800000e+004
7.272000000e+003
4.448000000e+003
4.926000000e+003
5.437000000e+003
1.649800000e+004
3.597100000e+004
7.655600000e+004
6.839200000e+004
3.744700000e+004
4.568600000e+004
7.942000000e+003
5.123000000e+003
7.106000000e+003
1.125000000e+004
1.877400000e+004
3.050800000e+004
4.283400000e+004
2.734500000e+004
1.783400000e+004
1.538600000e+004
9.443000000e+003
7.599000000e+003
8.061000000e+003
2.718700000e+004
5.151100000e+004
7.405000000e+004
7.877300000e+004
3.389900000e+004
1.888600000e+004
1.152000000e+004
8.352000000e+003
8.660000000e+003
1.290200000e+004
2.033100000e+004
3.685300000e+004
5.640700000e+004
3.943700000e+004
2.676100000e+004
1.518500000e+004
4.473000000e+003
5.781000000e+003
9.117000000e+003
1.926700000e+004
3.611600000e+004
5.885000000e+004
6.147800000e+004
3.630000000e+004
9.704000000e+003
3.410000000e+003
